place(13.501, 1.687, -3.688, "Assassin", 200)
place(13.568, 1.687, -1.179, "Assassin", 200)
place(11.164, 1.687, -3.408, "Assassin", 200)
place(10.880, 1.687, 4.972, "Militant", 700)
place(11.127, 1.687, 5.949, "Militant", 700)
upgrade(11.127, 3.037, 5.949, 200)
place(10.880, 1.687, -1.033, "Shotgunner", 300)
upgrade(10.880, 3.037, -1.033, 150)
upgrade(10.880, 3.037, -1.033, 950)
upgrade(10.880, 3.037, -1.033, 2500)
upgrade(10.880, 3.037, -1.033, 6500)
place(10.921, 1.687, 1.440, "Shotgunner", 300)
upgrade(10.921, 3.037, 1.440, 150)
upgrade(10.921, 3.037, 1.440, 950)
upgrade(10.921, 3.037, 1.440, 2500)
upgrade(13.568, 3.037, -1.179, 250)
upgrade(13.501, 3.037, -3.688, 250)
upgrade(11.164, 3.037, -3.408, 250)
upgrade(11.127, 3.037, 5.949, 900)
upgrade(13.568, 3.037, -1.179, 1000)
upgrade(13.501, 3.037, -3.688, 1000)
upgrade(11.164, 3.037, -3.408, 1000)
place(8.823, 1.687, 3.228, "Militant", 700)
upgrade(8.823, 3.037, 3.228, 200)
upgrade(8.823, 3.037, 3.228, 900)
place(12.341, 1.687, 3.407, "Shotgunner", 300)
upgrade(12.341, 3.037, 3.407, 150)
upgrade(12.341, 3.037, 3.407, 950)
upgrade(10.921, 3.037, 1.440, 6500)
upgrade(10.880, 3.037, -1.033, 3573)
upgrade(13.568, 3.037, -1.179, 2750)
upgrade(12.341, 3.037, 3.407, 2500)
sell(11.127, 3.037, 5.949)
sell(8.823, 3.037, 3.228)
sell(12.341, 3.037, 3.407)
sell(10.921, 3.037, 1.440)
sell(10.880, 3.037, -1.033)
sell(13.568, 3.037, -1.179)
sell(11.164, 3.037, -3.408)
sell(13.501, 3.037, -3.688)
